4.382165381007529711e-03
3.959119543566650551e-03
3.909780177900356625e-03
3.699354910001206517e-03
3.700407620482918259e-03
3.547821360522666456e-03
2.911092505064871109e-03
3.566141025422378281e-03
3.516089528413301416e-03
3.358969231915129739e-03
3.362049181562867372e-03
3.122250638196091485e-03
3.413822496024248102e-03
3.302542108911987392e-03
3.299269052720701575e-03
3.311511521275897936e-03
3.375506885592378849e-03
3.190401330993727479e-03
3.204731192468093272e-03
3.256532373126459767e-03
3.147918589945689939e-03
3.224369188268498814e-03
3.094700376456563113e-03
2.950446350453897904e-03
3.286967415953554600e-03
3.342493773876337778e-03
3.225258716668066850e-03
3.249433706365964774e-03
3.387344176447652962e-03
3.218629144102353942e-03
3.203932182287360167e-03
3.043119570456653215e-03
3.137339987558788925e-03
3.488677771708830009e-03
3.473394639395339933e-03
3.164719040234038189e-03
3.275634253623182276e-03
3.140404662863418520e-03
3.117373999994586375e-03
3.299312618235712181e-03
3.127079974731536861e-03
3.211702936799025812e-03
3.594695542105984416e-03
3.344991039703547157e-03
3.334653652038543307e-03
3.062428725349664732e-03
3.038381078206447115e-03
3.356807070929999567e-03
2.974440074455733749e-03
3.096766092399791739e-03
3.226502285706932087e-03
3.261906118636040842e-03
3.099398524435550278e-03
3.072936509882711210e-03
3.248070410395596883e-03
3.098871606223102971e-03
3.207252508575831034e-03
3.098789340006177090e-03
3.486130862609804378e-03
2.888687705322858304e-03
3.172154636912046920e-03
3.286232843973533463e-03
3.169751984509973277e-03
3.254027531627003752e-03
3.082382646167825674e-03
3.327879054491305298e-03
3.057250768694004788e-03
2.814529561525233505e-03
3.024844882393879376e-03
2.949176815443646169e-03
2.935926279650853850e-03
2.924089167873061747e-03
3.261366592635544723e-03
2.718576862672381338e-03
2.841757414258772995e-03
3.118932639409604732e-03
3.106774016733518731e-03
3.231254876282659526e-03
3.348308900242388374e-03
3.017594715333877815e-03
3.107947520672918636e-03
3.053903273814023277e-03
3.139684457741760085e-03
3.344295761679673927e-03
3.023890107033035644e-03
3.440297389072156150e-03
2.849880275813965799e-03
2.889479367619443920e-03
2.829932308124291120e-03
3.007163513598496395e-03
2.867163441804725012e-03
2.994473283047366027e-03
3.119352835527802476e-03
3.250743442147530776e-03
2.431493324464139866e-03
3.127272394147730030e-03
3.261335644004803233e-03
3.095006246672766387e-03
2.952248232720320210e-03
2.694663326555706440e-03
2.818231990807310364e-03
2.976656383086181534e-03
2.833492834037585478e-03
2.928466494241754089e-03
3.079247285040188301e-03
3.211849363529054209e-03
3.120014300567377791e-03
3.160456512013052038e-03
2.938514299619793529e-03
2.985324229693275388e-03
2.853532955024735713e-03
3.103711077428570383e-03
2.605979194834056895e-03
3.095523565296514224e-03
3.058869352910559801e-03
2.804101361512067927e-03
2.999993950376927173e-03
3.056594939104613669e-03
2.817921873987496231e-03
2.924171064188911713e-03
3.150983689689933198e-03
2.726853172518048461e-03
2.904450996825385083e-03
2.935677083167721226e-03
3.024002168804705484e-03
3.190587522420150479e-03
3.058523479317396161e-03
3.119842438704714758e-03
2.425833177142789222e-03
3.051767098546743617e-03
2.956173931899055193e-03
3.124860227110243076e-03
2.904221771007807311e-03
2.831376844983665101e-03
2.862467779036102170e-03
2.180231735251354080e-03
2.535639110545227174e-03
3.035342704480437429e-03
2.923701522886687412e-03
3.058543832379476048e-03
2.788527746386416494e-03
3.229759443727164402e-03
2.243549564295073406e-03
2.726080592193622348e-03
3.024257711542147932e-03
2.053646148591355917e-03
2.819827573493492289e-03
2.915295365992833735e-03
2.766422832906075858e-03
3.133495066754855580e-03
2.060450538704957507e-03
2.629173038219336823e-03
3.151149614031385424e-03
2.707347720813260781e-03
2.457522893385188055e-03
2.184292423809688303e-03
2.856686030511873184e-03
2.658326604426159215e-03
2.800638453275445649e-03
2.935383582264426520e-03
2.717125899299907901e-03
2.622765523403045723e-03
2.408123581120101553e-03
3.370599714799624603e-03
3.008037984297672746e-03
2.669992379597088943e-03
2.443531903268117943e-03
2.479422616165069711e-03
2.004446187525143856e-03
2.698204578095173348e-03
2.492338885086038073e-03
2.508781558319116926e-03
2.641037722692626821e-03
2.636265376318791282e-03
2.761114797487833426e-03
2.904509199012592861e-03
2.687078367072932676e-03
2.575565279743493707e-03
2.626337325705465492e-03
2.635504562235756534e-03
2.528334378995553827e-03
2.671645240512973089e-03
2.875066315097850930e-03
2.327605745728438588e-03
3.040284856223081453e-03
2.667624422061932662e-03
2.868754007841971265e-03
2.678625977106479511e-03
2.610874889883987252e-03
2.586346849130665305e-03
2.887041321878586198e-03
2.798402587016182372e-03
2.400046253562198445e-03
3.166066315328595199e-03
2.876971761804153049e-03
2.613444049711717305e-03
2.895353643300943580e-03
2.692511184550141091e-03
2.890559242960254356e-03
2.930698564798844222e-03
2.884728074253973661e-03
2.632855964032470089e-03
2.642005528459026760e-03
2.836352439762535298e-03
2.625684060782897469e-03
2.818452772176329325e-03
2.599120896797914478e-03
2.675425894799176099e-03
2.868142134593278103e-03
2.423866452233332160e-03
2.653216903734155127e-03
2.402738093163490993e-03
2.901394707295177136e-03
2.523355952877840563e-03
2.535753556610966485e-03
2.582851309436833085e-03
2.644912651606195347e-03
2.686692066598825486e-03
2.443806717107265252e-03
2.771877788044178371e-03
2.663083403303206920e-03
2.834159319919830802e-03
2.738162948805765006e-03
2.706362325863038727e-03
2.280906028620469355e-03
2.752886494746843715e-03
1.915208267445420035e-03
3.078877171052304094e-03
2.559005565849266795e-03
2.069161561038300803e-03
2.584131440365484891e-03
2.779000903588273435e-03
2.634792724087538143e-03
2.979032014697574702e-03
2.843227381079213145e-03
2.226314955998797990e-03
2.553652207609878946e-03
2.624284225263037555e-03
2.549249508851268373e-03
3.080893734002668020e-03
2.074956852350821196e-03
2.541735842330509424e-03
2.439055345964563724e-03
2.693701245400251069e-03
2.196092808256986263e-03
2.712192596933547285e-03
2.824531477102358839e-03
2.636545128312489227e-03
3.004383905245564500e-03
2.528394237684159027e-03
1.873945553190853710e-03
2.608620164539166876e-03
2.390278125408706877e-03
2.857364164297857261e-03
2.452320663534936652e-03
2.629037400476077948e-03
2.716070151316760887e-03
2.933024692126687347e-03
2.821920423987376789e-03
2.672442813835561575e-03
2.632157172788527396e-03
2.751735920264821757e-03
2.653866814627652178e-03
2.139441391540083948e-03
2.371635879381436135e-03
2.607877225621399366e-03
2.493068435933183408e-03
2.291979896331727568e-03
1.747270551924957763e-03
2.983603796891459107e-03
2.662447189136394124e-03
1.906087638289921020e-03
1.963004099485333564e-03
2.321376446154531283e-03
1.965763289976829153e-03
2.395553269176267132e-03
2.721184388106985975e-03
2.879488797272032174e-03
2.611677403176655438e-03
2.453829439205429657e-03
2.231730395282734841e-03
2.087570032552701384e-03
2.815874585814451096e-03
1.863407473535822400e-03
2.716477922967441318e-03
1.777350496666020834e-03
