3.435975747520986483e-03
3.190866511730947649e-03
2.949288453117828845e-03
3.134760548455751625e-03
3.071273547447550198e-03
2.910401884776967363e-03
2.982886276259929560e-03
2.939817272617908667e-03
3.039538077048760650e-03
2.538196906381611634e-03
2.833433206892547584e-03
2.761422652586307397e-03
2.839701990386433485e-03
2.820729224250586534e-03
2.885303537091000233e-03
2.721609268706838732e-03
2.859547410744257227e-03
2.768589399432983770e-03
2.846431209321916532e-03
2.875526284841272741e-03
2.883240223174184016e-03
2.681324591908039630e-03
2.967075155213717754e-03
2.676312260788864163e-03
2.974939061718180275e-03
2.806883425637949400e-03
2.717652867578965355e-03
2.787167329955150992e-03
2.390603151707839259e-03
2.578433964705531371e-03
2.825256380116440442e-03
2.396742177565789646e-03
2.730823829008040878e-03
2.712634599323120437e-03
2.698527274744857117e-03
2.721987041142224974e-03
2.496741293942887196e-03
2.711889492120872144e-03
2.572645888383424690e-03
2.618679059442142673e-03
2.685714690807282541e-03
2.628586539834893397e-03
2.794718513424657678e-03
2.709720074376090453e-03
2.649699648301425715e-03
2.539492244118063402e-03
2.532080863980401466e-03
2.623441791917954617e-03
2.735361229757379744e-03
2.560793607127469836e-03
2.659913830074890195e-03
2.539059132078927850e-03
2.667811181885158811e-03
2.674742850319372558e-03
2.637019227278884510e-03
2.437751006129811222e-03
2.806069499368106773e-03
2.984240953024476593e-03
2.648033151108243263e-03
2.799567274161938579e-03
2.725735708183951115e-03
2.691529088484231457e-03
2.553550879365264984e-03
2.664132074318168852e-03
2.231462401432533511e-03
2.427601118311135779e-03
2.622672903559718303e-03
2.374639521047687638e-03
2.725362851077968787e-03
2.560041993416773201e-03
2.436419225338086296e-03
2.559801820127100350e-03
2.311341617909155009e-03
2.434248241163655419e-03
2.445524764112163435e-03
2.523168622169024312e-03
2.383004584116197883e-03
2.454320030094902117e-03
2.713758113040949140e-03
2.665759955922890508e-03
2.539630687994204328e-03
2.569813542233117566e-03
2.603595195072426309e-03
2.696482041091616266e-03
2.153326655025558645e-03
2.521141061022348813e-03
2.664822764660704831e-03
2.521577820573548453e-03
2.310925997883879826e-03
2.568104228668981193e-03
2.671391402981908216e-03
2.378469137628261895e-03
2.568442782080969204e-03
2.672030389010911309e-03
2.189920104282218425e-03
2.687851822294229018e-03
2.318008560807169240e-03
2.523505825406941686e-03
2.388322757286564200e-03
2.745775309150016129e-03
2.327014110601763937e-03
2.600424098693197763e-03
2.727486364322408933e-03
2.581722088617509868e-03
2.543310376696208963e-03
2.410245968566862226e-03
2.639715329520153295e-03
2.298637721436071549e-03
2.557985624524185438e-03
2.702448839291745567e-03
2.555220392406138807e-03
2.640943221571977976e-03
2.542495104208369449e-03
2.439314387161271944e-03
2.409303287003048723e-03
2.553032745775446824e-03
2.587629400617545358e-03
2.463914591698529357e-03
2.690139321285767767e-03
1.990185714778167428e-03
2.432575225044158410e-03
2.579767555976183232e-03
2.161586179608394193e-03
2.649307559940416133e-03
2.494471279994242910e-03
2.447932393905650171e-03
2.665392060834942921e-03
2.418112550394812665e-03
2.280540259967020304e-03
2.468316402571562370e-03
2.125278289647825232e-03
2.751577690235046912e-03
2.326698277606121992e-03
2.526907149715481010e-03
2.611838728217612954e-03
2.202160584739200518e-03
2.669632861282594197e-03
2.353720843147289517e-03
2.658024758782507897e-03
2.379502069446503155e-03
2.481549994278233091e-03
2.243203842225992544e-03
2.337930057071883026e-03
2.053296773530772883e-03
2.277393710436579743e-03
2.027111141615365979e-03
2.271301906809952090e-03
2.727405193226149945e-03
2.432989597862790943e-03
2.520383464408735164e-03
2.535807827109025532e-03
2.418564131146403850e-03
2.305127342854461098e-03
2.768983434141925569e-03
2.548837614986523489e-03
2.242517756149392527e-03
2.225636666123148415e-03
2.381321708738188842e-03
1.859325810739557733e-03
2.304609446165452671e-03
2.659095173320749888e-03
2.305357348262160062e-03
2.327024293474939248e-03
2.519037507507529937e-03
2.302115133708663910e-03
2.398152433527674880e-03
2.479641592598025215e-03
2.483207789532998304e-03
2.316402434636295228e-03
1.962943050320463487e-03
2.316114453465590358e-03
2.181968580174439582e-03
2.632201989506993949e-03
1.620857766477635555e-03
2.117088233190340778e-03
2.633259490556798081e-03
2.135661137086802049e-03
2.166481129100128206e-03
2.058796956922310812e-03
2.148978050507299904e-03
2.376875392117002144e-03
2.258515008483003364e-03
2.006610796977532831e-03
2.318266599957847108e-03
2.368888797167517310e-03
2.286514229095574450e-03
2.399841537760845182e-03
2.306820676342468367e-03
2.281621415930753551e-03
2.505385523952292307e-03
2.616064457276784556e-03
2.123852529651426742e-03
2.297216598113477511e-03
2.643198702854508784e-03
2.269232345721558519e-03
2.213531253847700157e-03
2.024636539404654854e-03
2.466477475465342784e-03
2.501125670580075285e-03
2.266791684616490440e-03
2.406779526166684391e-03
2.360407497988482178e-03
2.480040564000455909e-03
2.204336246614880309e-03
2.208820377698512884e-03
2.167744800591785235e-03
2.122942454069362030e-03
2.106461099966711135e-03
2.132563175834800359e-03
2.310108013089743218e-03
2.612152992793506656e-03
2.465681158281503305e-03
2.480483117007824777e-03
2.253501330499192018e-03
2.288492696378086749e-03
2.900647637832247210e-03
2.256240193397655164e-03
2.503624538240502382e-03
2.360942973809181285e-03
2.161427979194451704e-03
2.436135315925729884e-03
2.410150781621213292e-03
2.089676442042461609e-03
2.397342412240703168e-03
1.989125518806993034e-03
1.525116996415956877e-03
2.145716636752606574e-03
2.415627235781950440e-03
2.243173423068144101e-03
2.308536824400031669e-03
1.883783743051871754e-03
2.277689384318181721e-03
2.135119816121098212e-03
2.166370074614004139e-03
2.477971602142830642e-03
2.291520549346534423e-03
2.204409136353873994e-03
1.864009025841751720e-03
1.718553122995267884e-03
2.349758712958632204e-03
2.346565966421240452e-03
2.287694150779637746e-03
2.315473547862453071e-03
2.404515468491206197e-03
2.349706749844881950e-03
1.790701606198895346e-03
2.381197725978054843e-03
2.337112977829263003e-03
2.649239555156093686e-03
2.281969133666988080e-03
2.081193962755048272e-03
1.800322385232225059e-03
2.479042144537815621e-03
1.863820981654832265e-03
2.264396433469976610e-03
2.229538036496870722e-03
2.082314416040359755e-03
2.414607852484441149e-03
1.986704151646939091e-03
2.442444281133911502e-03
2.282397309263013447e-03
1.565886418181869832e-03
2.377122601495206249e-03
1.502503676451021151e-03
2.279694279549457445e-03
1.623150628733135504e-03
2.449827250060774078e-03
2.217537834740976755e-03
2.150160484569078791e-03
2.376853074255207404e-03
2.297162258143555305e-03
1.507362280858636199e-03
2.088868243411588863e-03
2.293377636694207862e-03
2.363090850376080732e-03
2.113477528018968717e-03
2.526686032452775486e-03
1.930227275583581634e-03
1.886231192447159052e-03
1.857024649492028823e-03
2.109139419019899400e-03
2.107324693591253271e-03
2.114324552013320795e-03
1.864187605348521315e-03
2.197843544063119315e-03
1.535391564920082601e-03
1.967369193807396843e-03
1.911019098010465107e-03
2.150683967235939367e-03
2.078250893113042091e-03
2.264812739957895033e-03
2.051222735237444826e-03
2.472873698203573948e-03
2.062906591315413502e-03
2.014877705874097875e-03
2.263691773177959558e-03
2.288101658798283138e-03
2.410056408117883936e-03
2.369869999534727264e-03
2.122602145965957979e-03
1.760960144617256104e-03
1.765048739656257647e-03
2.058661734150717907e-03
2.158731656228499596e-03
2.049647024774044722e-03
1.959430905938571409e-03
2.005831858868713149e-03
1.176315432864714168e-03
2.301050361227439250e-03
2.030028887632565667e-03
2.030261969930661613e-03
2.217406826801596696e-03
2.172171513967489746e-03
1.930684531716690645e-03
1.952172259203524595e-03
2.306951178884784383e-03
1.837763776385870811e-03
2.151164722732856749e-03
1.426451743749290258e-03
2.293611481187926831e-03
2.124931505965749375e-03
2.254514145014176012e-03
1.754203493907545040e-03
2.297349123164456244e-03
1.911851889614710675e-03
2.326334801096574707e-03
1.875078390805251082e-03
1.772471024359496480e-03
1.711917167436640807e-03
