2.594370947160043028e-03
2.393570268372179760e-03
2.321883344378817410e-03
2.324383981993930360e-03
2.336287850525854432e-03
2.295400020685271162e-03
2.243679921074590456e-03
1.986198046422578672e-03
2.210202494352513439e-03
2.088743192604789866e-03
2.149400097701284658e-03
2.281061422492093854e-03
2.132237493328800922e-03
2.351052954303225594e-03
2.118283364183285843e-03
2.221621681115322142e-03
1.910823709144189629e-03
1.735390764039841660e-03
1.850086684656112538e-03
2.118254267675920028e-03
2.121971916282193622e-03
1.951664493047290585e-03
2.039050306550089283e-03
2.054577217697530715e-03
1.944220311501303894e-03
1.851034357047989147e-03
2.079860124640636569e-03
2.046470481227012118e-03
1.964612051090931528e-03
2.032692535178473592e-03
2.214305805537596875e-03
1.973526634117047686e-03
2.196861648018523430e-03
1.951692829039838612e-03
2.058839983878899601e-03
2.140782800350917413e-03
1.972503419198651502e-03
1.983411203644390008e-03
2.165172828877225467e-03
2.041271821622432300e-03
2.019626000022818179e-03
2.006793269122106749e-03
1.814127170592622074e-03
1.812369223388874762e-03
1.912465053940449891e-03
1.996071730152192483e-03
2.004731493147230998e-03
2.043180920742948374e-03
1.781000621401180109e-03
2.067538178719731130e-03
1.779813326488604262e-03
1.983414920341971654e-03
2.016489884647496966e-03
1.828925404953272646e-03
1.987442348719632452e-03
1.943825991356540848e-03
2.072361120303223107e-03
1.855156776685531594e-03
1.877729367273251165e-03
1.732008616212958856e-03
1.999445250293255174e-03
1.794016622275355433e-03
1.874328362840861715e-03
1.695354668496542889e-03
2.058773141132558618e-03
1.911336498974499113e-03
1.884495867326392484e-03
1.614082893625510802e-03
1.899222357628430231e-03
1.684719840880446757e-03
1.938654214894289154e-03
1.963085885371414468e-03
1.870506049567648241e-03
1.483885598124602256e-03
1.903381398017875382e-03
2.039288216006126826e-03
1.883472725182380259e-03
1.742673946304247124e-03
2.045225794375655874e-03
1.915263553348661328e-03
2.041390572232254334e-03
1.996029011328458429e-03
1.787414163582924957e-03
1.935607797134774851e-03
1.867526332528863815e-03
1.983819850178331762e-03
2.038936992424456723e-03
1.871047751083724543e-03
1.841505383868264224e-03
1.817040213430959339e-03
1.814015250801795116e-03
1.862477793326732618e-03
1.516618337255394144e-03
1.597196619436744899e-03
1.888129025149848242e-03
1.694515627899931872e-03
1.774245392106445001e-03
1.502827543345624118e-03
1.669771112867364559e-03
1.602492497352121141e-03
1.721818785685140171e-03
1.733326089161736899e-03
1.879511536275260252e-03
1.976161348208586247e-03
1.535878021811726106e-03
1.754083122658806537e-03
1.965373233849722866e-03
1.652054445172882521e-03
1.976612168575084000e-03
1.597051341908087502e-03
1.700360357302875157e-03
1.611352737682701739e-03
1.960513660819894997e-03
1.830410856488705676e-03
1.577504226701108379e-03
1.851921398375781227e-03
1.884822627846180400e-03
1.768123602216347453e-03
1.869282484344389570e-03
1.725369983850392900e-03
1.848861022956884478e-03
1.678522622355008457e-03
1.235684596507303319e-03
1.753615654064309909e-03
1.863295916504442056e-03
1.787888562179399884e-03
1.759675400043796741e-03
2.030672247248679289e-03
1.792635991830313080e-03
1.782616618670720228e-03
1.711497035029450669e-03
1.870542701350733561e-03
1.986549480632451153e-03
1.712919462722935519e-03
1.895920811320337025e-03
1.480284527703651289e-03
1.719283495384849080e-03
1.778386639654193618e-03
1.876767672824568951e-03
1.991059597290308243e-03
1.817840615274371636e-03
1.788975467897208332e-03
2.030054952869291170e-03
2.165687718483668301e-03
1.722353670576923452e-03
1.800668430530520366e-03
1.854622183633615039e-03
1.681460775613290463e-03
2.082875041697926019e-03
1.541399666676846478e-03
1.642850486010559658e-03
1.715083202771907397e-03
1.606226445086044504e-03
2.017947237103438849e-03
1.777494255036285182e-03
1.888624619435574220e-03
1.610920618232257765e-03
1.688581304791796599e-03
1.791135829989519510e-03
1.821946582956728532e-03
1.774865801198867487e-03
1.603683374623758075e-03
1.885887140675455379e-03
1.811742475897191096e-03
1.788047459516490688e-03
1.892396078718832633e-03
1.636054365803094263e-03
1.298992453714678356e-03
1.813997540164546474e-03
1.632525359090039509e-03
1.660150424391018198e-03
1.826352267868534916e-03
1.488763094737717389e-03
1.707902427640174215e-03
2.003738739339650399e-03
1.853121288760778418e-03
1.491591614743031880e-03
1.719412898913370846e-03
1.646122908860863168e-03
1.867430883686976460e-03
1.657051567916404539e-03
1.750984499824359769e-03
1.695956325333020705e-03
1.531821906616052248e-03
1.726913074467658011e-03
1.422574160658105977e-03
1.664434971066043991e-03
1.570293493313285353e-03
1.467068335044123062e-03
2.000002393443162888e-03
1.765693343694028786e-03
1.261866118353412950e-03
1.683718061299791045e-03
1.771617174703633141e-03
1.730356882531555165e-03
1.806549923756651859e-03
1.740496529540603438e-03
2.006493249596983958e-03
1.723000802695552527e-03
1.721586527539008130e-03
1.674992460041202762e-03
1.280769317943788229e-03
1.822853934206830531e-03
1.552946463559904148e-03
