2.502213324249473719e-03
2.381924937166979110e-03
2.258933851189858909e-03
2.269593749392379185e-03
2.244917130739675516e-03
2.205963663571932232e-03
2.129702473739087699e-03
2.178716185957251146e-03
2.053943065208366399e-03
2.176150738871210702e-03
2.184731838099033402e-03
1.946711766565512080e-03
2.077790693690978290e-03
1.992844094343123717e-03
2.337691530101447361e-03
2.079469063940271936e-03
1.971540645533741837e-03
2.077560473969606615e-03
1.843013644883659177e-03
2.188951936205533414e-03
2.105928540904287039e-03
2.048017987902077050e-03
1.741435739034408918e-03
2.122777170053390811e-03
2.083283569316677145e-03
2.074596368744169913e-03
2.041671429498129447e-03
2.075849134008111736e-03
1.985437130954423573e-03
2.001556672104693336e-03
1.846321410889080949e-03
1.955909545765979318e-03
2.009528867931166616e-03
1.955208134913749389e-03
1.978725112927453601e-03
1.797645413960786715e-03
2.054525638099565996e-03
2.037187997850936193e-03
2.129637703411589155e-03
2.025265554253571042e-03
1.872418133361794090e-03
1.935956742666909919e-03
1.918444778778229456e-03
1.894392937035989984e-03
1.850713622429141355e-03
2.063112018629319200e-03
1.757268690981205828e-03
1.958341460550678051e-03
2.019926998369214570e-03
1.935658593595956283e-03
1.913903623316814831e-03
1.968650536991538649e-03
2.017445094601366760e-03
1.867991034074648754e-03
1.880771259075502853e-03
1.839374217724278667e-03
2.076069662547325428e-03
2.011727505697316100e-03
1.849865365659372372e-03
2.142459405213313628e-03
1.533382906870152775e-03
1.963941865073673149e-03
1.938046668463937758e-03
1.925528878250557701e-03
1.980662717752360805e-03
2.169318356551758545e-03
1.919170904631806521e-03
2.012053976730999658e-03
1.946111651547651270e-03
1.858381915989063340e-03
2.020938959222538106e-03
1.980693621034632524e-03
1.617903765018142981e-03
1.989317772855199104e-03
1.988465609283913277e-03
1.840558302748144213e-03
1.823074167929719441e-03
1.718358582833651258e-03
1.916481737168688332e-03
2.028210353742773697e-03
1.901595566569409725e-03
1.784620961676731087e-03
1.844820419786635194e-03
1.917532926618833100e-03
1.693693440852950304e-03
1.928450347213482314e-03
2.063663123954544414e-03
2.065325802912733929e-03
1.849322102697134682e-03
1.409576611718032189e-03
1.796539546065583802e-03
1.765018577735518856e-03
1.864532687381530293e-03
1.861173180073123117e-03
2.016122726757688718e-03
1.699018327865751965e-03
1.594737138207937867e-03
1.919584674408613160e-03
1.934972178886231213e-03
1.824384102714206356e-03
1.890692106163724970e-03
1.823391750401944520e-03
1.756293549769232226e-03
1.823281843308221378e-03
1.624159087745561487e-03
2.114216573544633587e-03
1.586880001946645033e-03
1.817465164631226282e-03
1.880692492359864248e-03
1.877284103429324030e-03
1.956161086976554095e-03
1.437784513860243096e-03
1.722046545864685347e-03
1.906096461949945229e-03
1.826756681105519116e-03
1.772767885435969732e-03
1.886257488915634014e-03
1.550493537351176152e-03
1.791511234039480475e-03
1.592813107874438330e-03
1.611565719064538514e-03
1.889103036062961261e-03
1.929608222110206720e-03
1.864108071190990774e-03
1.660389444467160738e-03
1.876338000257433362e-03
1.916982546128401417e-03
1.801077343422065845e-03
1.696867464933871257e-03
1.783988537718803535e-03
1.818808578700126331e-03
1.961289734675995128e-03
1.918539697089732430e-03
1.455827898130301066e-03
1.926471579435424901e-03
1.868171798492024088e-03
1.810014600288476242e-03
1.797493232055103049e-03
1.957941912947556897e-03
1.895180469213664882e-03
1.566252614557145373e-03
1.672404642197110108e-03
1.646342299923484126e-03
1.810831404182301069e-03
1.600359533502967698e-03
1.891176968267466911e-03
1.616628751418499417e-03
1.863603841334387059e-03
1.533391787234935494e-03
1.657203462803849385e-03
1.690124262261932103e-03
1.740153841940095042e-03
1.686169730296547143e-03
1.605630369371636827e-03
1.763691123713217361e-03
1.640065018260430723e-03
1.991492829393519230e-03
1.487792595774848660e-03
1.759765340291205311e-03
1.434630043102903948e-03
1.656591363107657667e-03
1.853449980661498906e-03
1.743301676799463747e-03
1.656502547387293280e-03
1.612034245704884426e-03
1.695943258955516422e-03
1.809756714207561186e-03
1.880733496069426089e-03
1.448994288606137142e-03
1.929236534276016629e-03
1.631204027706467359e-03
1.853603965063099638e-03
1.814809588304074420e-03
1.946968655813190955e-03
1.881350686079594344e-03
1.374280152432034302e-03
1.745073467150358741e-03
1.663170930065915182e-03
1.702237521452213765e-03
1.866229514341982264e-03
1.814297299423027260e-03
1.748360981115237899e-03
1.497639274908760948e-03
1.316380271981745093e-03
1.452437317544321349e-03
1.701839511183131761e-03
1.548790874380088708e-03
1.615440453066028376e-03
1.805139554491422922e-03
1.643670203378158135e-03
1.572006000992343501e-03
1.560251615763059378e-03
1.949430883536335500e-03
1.850617000135271716e-03
1.724323017243222086e-03
1.667667684192015174e-03
1.434395272008842084e-03
1.805580646525134199e-03
1.787294867507042799e-03
1.790771769801331433e-03
1.831285238846101305e-03
1.689905827728067954e-03
1.628030525083242223e-03
1.993676713472927221e-03
1.722020531090924381e-03
1.577730079160356283e-03
1.291584084948170594e-03
1.150828155857407499e-03
1.671108328260170273e-03
1.465924772559641870e-03
1.666633189310502000e-03
1.826160161837746829e-03
1.489836419945341764e-03
1.775102019334591410e-03
1.250324369100443709e-03
1.398962638317466064e-03
1.638491180013434663e-03
1.716278896733985796e-03
1.693017600386035595e-03
1.751321827498205719e-03
1.168252295826897533e-03
1.939069740740895133e-03
1.692920543106678005e-03
