3.599270684368051278e-03
3.313218600670577232e-03
3.026018050196675486e-03
3.232482047151982903e-03
2.759363576763488885e-03
2.898014084523314968e-03
3.085390170435468610e-03
2.895800730174319468e-03
3.008467457870752943e-03
2.883761139137012552e-03
2.897316520068439743e-03
2.862440743889560577e-03
2.970833075550848110e-03
2.884762839174047008e-03
2.790814434371483629e-03
2.786569368956173364e-03
3.003388495565847537e-03
2.653609405106152532e-03
2.838339911149322277e-03
2.860900558727859106e-03
2.853116117500597518e-03
2.842498908214773079e-03
2.888883184358532422e-03
2.714977693067369482e-03
2.749190042125257590e-03
2.601175430727906742e-03
2.690274123423074589e-03
2.685319896302097459e-03
2.901434350509004244e-03
2.710677850707224595e-03
2.797809990386274353e-03
2.797892252728043094e-03
2.710512121650449253e-03
2.704344083182226750e-03
2.553892823205436858e-03
2.814676989617716230e-03
2.673760005476010556e-03
2.908956845358679193e-03
2.639787639463670593e-03
2.691267826475483328e-03
2.708871324971614137e-03
2.708154254621611065e-03
2.624728578222099758e-03
2.485372480812642320e-03
2.625144681637571736e-03
2.661009553981471577e-03
2.546443926897097934e-03
2.692309253376908799e-03
2.643118921118213678e-03
2.769226616697435805e-03
2.311802557836182583e-03
2.699659873802676135e-03
2.583520566896464841e-03
2.719995131747664652e-03
2.620585787142677356e-03
2.616128374440543792e-03
2.513402367311082675e-03
2.732244450353963749e-03
2.762389891917543805e-03
2.666753771063267928e-03
2.551726518167031239e-03
2.868023065285754594e-03
2.370744890002019281e-03
2.613880412569115005e-03
2.738491641228689519e-03
2.583616215029429109e-03
2.471194312682524746e-03
2.572895267447707166e-03
2.726983844451509684e-03
2.632325369960829362e-03
2.781673144209044143e-03
2.419041117933099731e-03
2.637188197247704660e-03
2.485287790880516112e-03
2.712389789909723948e-03
2.582267802602882228e-03
2.667187391257506545e-03
2.592929054444054627e-03
2.427427319879139032e-03
2.659265397047369008e-03
2.830743480983293273e-03
2.622833816627540525e-03
2.323114649240250792e-03
2.705774189329283354e-03
2.698427972571222546e-03
2.610221967001034610e-03
2.579101766843277122e-03
2.311617588509337802e-03
2.390053334182371501e-03
2.595616763814303282e-03
2.698733517449586686e-03
2.497471018397095718e-03
1.922306892845611175e-03
2.326887115481728052e-03
2.393694266831574661e-03
2.244955274960192936e-03
2.471348613296141250e-03
2.369767780976553013e-03
2.668672356317011024e-03
2.695498181854500807e-03
2.124066930606596099e-03
2.546533718928751296e-03
2.551298010534007281e-03
2.291757601776641274e-03
2.460053014784364511e-03
2.286937966835616079e-03
2.425908461817491858e-03
2.539576033479312191e-03
2.509159048246994896e-03
1.940160245175607048e-03
2.384330742561716586e-03
2.598974683579563169e-03
2.365029735618129608e-03
2.073035976847193828e-03
2.511171669122318727e-03
2.253331212202283433e-03
2.448073001976930601e-03
2.345506143038275475e-03
2.288206067480374681e-03
2.281411627758437363e-03
2.584835059981735895e-03
2.364695005463118230e-03
2.291962776951298256e-03
2.312078267112836153e-03
2.648449921077718205e-03
2.514283706796158896e-03
2.217588056392669118e-03
2.529313697816765790e-03
2.452711705654013301e-03
2.244794880634743989e-03
2.430537520353668983e-03
2.501706753047037730e-03
1.854107131375704823e-03
2.575543522067709826e-03
2.228966050581847932e-03
2.359053555317484549e-03
2.240040847253900284e-03
2.095679342153837846e-03
2.688520788396260401e-03
2.365177326430955174e-03
2.240685955117423592e-03
2.519045615837277145e-03
2.451556531777857560e-03
2.338678129847040089e-03
2.288869891061561575e-03
2.349598458150165860e-03
2.135685268740760562e-03
2.517643589794862219e-03
1.994883566502924244e-03
2.343306831526425701e-03
2.294033615419965432e-03
2.005323596175414419e-03
2.390108886823736137e-03
2.254000478185786468e-03
2.183961237815698446e-03
1.847781684087424240e-03
1.674128545746775016e-03
2.481035442873788348e-03
2.390525013920033210e-03
2.211699803191255389e-03
2.442913798428859168e-03
2.571418872559701804e-03
1.969763302628817648e-03
2.056430397690595883e-03
2.814080315920617845e-03
2.252614501490743035e-03
1.943424597022303359e-03
2.093277030034314170e-03
2.179408621179708232e-03
2.548264003779837292e-03
2.337142439898730242e-03
2.521956569667783109e-03
2.358587049418838909e-03
2.884158192807115273e-03
2.414118396647830286e-03
1.864501517380426441e-03
1.991848769946838113e-03
2.483215683619043306e-03
2.378670730972854992e-03
2.256591879051618021e-03
2.000857553355039290e-03
2.373608836438172772e-03
2.311924739897296133e-03
2.149324839285868434e-03
2.483492622524445959e-03
2.354644554174812297e-03
2.050301655171319140e-03
2.187599802041694051e-03
2.428082733997321500e-03
2.139948694254989459e-03
2.423102269413967592e-03
2.486761046718401810e-03
2.395497339511734169e-03
2.072180471006841024e-03
1.943159053185188100e-03
2.474587117153981275e-03
2.141829322713268910e-03
2.184722377332084468e-03
2.233648499005022603e-03
2.069464504727516752e-03
2.125270014172073521e-03
2.203762993391418772e-03
2.417625929295616656e-03
2.126874658764789632e-03
2.311584918986317808e-03
2.338961821054726022e-03
1.746669559813454446e-03
2.384814022095548339e-03
2.003414779157284501e-03
2.361892958353483361e-03
2.214802395919907192e-03
2.408873401608441125e-03
2.191688612702956743e-03
2.217878253956737100e-03
2.498360359991983522e-03
2.414866369540202146e-03
1.971309004839420613e-03
2.239385904661619908e-03
2.272062357132992923e-03
2.246723991297560914e-03
2.345469885337042159e-03
1.794719923223981380e-03
2.045248747584366752e-03
2.295725366306268934e-03
2.218297760404005971e-03
1.423529546062010914e-03
2.559232861057711937e-03
2.368051503971087875e-03
