3.578553380450327000e-03
3.139269498713168939e-03
3.146463706413709163e-03
3.091469913488707321e-03
2.954178625630902565e-03
2.813358779274142355e-03
2.918494742086913396e-03
2.841128976605503554e-03
2.963830164472977535e-03
2.852874262726265257e-03
2.727184123831525447e-03
2.820588501154506524e-03
2.775580042032038588e-03
2.843679550822545560e-03
2.641466144932826891e-03
2.783596069467173060e-03
2.852954685772998277e-03
2.612005903175816830e-03
2.675019836057629646e-03
2.889979147261556233e-03
2.441194555634971890e-03
2.714032972398602514e-03
2.660460687517494666e-03
2.652316994670999694e-03
2.579439756036438526e-03
2.589801966695826334e-03
2.745885457834610927e-03
2.711724150510105239e-03
2.526848466183233017e-03
2.742143217477368850e-03
2.649793013491038695e-03
2.853349617500075194e-03
2.623064984657201733e-03
2.582171294701625375e-03
2.800349714177985568e-03
2.637439186475833142e-03
2.557769244122343969e-03
2.573168036030517788e-03
2.663563602418481287e-03
2.501024810883853249e-03
2.583371738807412055e-03
2.774175677780766659e-03
2.324853982699143402e-03
2.572269272606310647e-03
2.391416664328495801e-03
2.682264086127418741e-03
2.687022775074903412e-03
2.496003939564864389e-03
2.475167428795002882e-03
2.494610324810792815e-03
2.532936001682327409e-03
2.511566219755445844e-03
2.658818201492263271e-03
2.730051990407392649e-03
2.572594383007283537e-03
2.700020107573493540e-03
2.397526534064236929e-03
2.435139166635410125e-03
2.452260509495113143e-03
2.500210661858737193e-03
2.446736571360988172e-03
2.749108375539881417e-03
2.552247254280417578e-03
2.695988843469904455e-03
2.659957091874489039e-03
2.493039179413029417e-03
2.622023229774236332e-03
2.559352392953356901e-03
2.347345581318304938e-03
2.943186823919338984e-03
2.465853018862223904e-03
2.551714929283146159e-03
2.530656281081050413e-03
2.474022763201880366e-03
2.605896479081379075e-03
2.666729996487472026e-03
2.264220637870242251e-03
2.060650732031046699e-03
2.658782919707916755e-03
2.576029807191274838e-03
2.295254373463773839e-03
2.532605339084287397e-03
2.670694152521824530e-03
2.564973261537636506e-03
2.490747503098865705e-03
2.584082948240424681e-03
2.563605683052779319e-03
2.568991692999175475e-03
2.330130735188372989e-03
2.587092105887082560e-03
2.557326354791473067e-03
2.624421750449221907e-03
2.344173531575984362e-03
2.470339272183957879e-03
2.681868487104549850e-03
2.381276359902045545e-03
2.527515400142081071e-03
2.369989703724493905e-03
2.477197994708271473e-03
2.463032730400692601e-03
2.494619799598065280e-03
2.112889722617192819e-03
2.420601283432416082e-03
2.721218983170005552e-03
2.628667907046792172e-03
2.623312141923532428e-03
2.463781788233171833e-03
2.548597146019588883e-03
2.397620823263820009e-03
2.547772005108882298e-03
2.656021629734648705e-03
2.473067136438194744e-03
2.369190447713478021e-03
2.540672520818412598e-03
2.420362756074045073e-03
2.149216327838278026e-03
2.410343902905064638e-03
1.906686512367412488e-03
2.508239115322856948e-03
2.377876024072572616e-03
2.488344787057934857e-03
2.438890189951321147e-03
2.291439164336361942e-03
2.394131288231730447e-03
2.472611295710911913e-03
2.275748041902436562e-03
2.422353248813515283e-03
2.353676255325641131e-03
2.479562842623351561e-03
2.598917177556108338e-03
2.341185708291255475e-03
2.344370909010283846e-03
2.407471955116334116e-03
2.657919820100108389e-03
2.219584499859346329e-03
2.102447072871500410e-03
2.576275325681735753e-03
2.419049387915528197e-03
2.158271855648042237e-03
2.440305094282723374e-03
2.438986928545164561e-03
2.443744558836697268e-03
2.332491530221921395e-03
2.196826731093244351e-03
2.457158615752493350e-03
2.218519708889917647e-03
1.990608267398627593e-03
2.679633022654125379e-03
2.037395141357608783e-03
2.339615794201711525e-03
2.464821817218820245e-03
2.094028423012196400e-03
2.267263851333459288e-03
2.497915265560582496e-03
2.165108824062068806e-03
2.505526526743208620e-03
2.141638607859398195e-03
2.410237319380068369e-03
2.403021591951859902e-03
2.372273914097062196e-03
2.142352354146793200e-03
2.315214757660268192e-03
2.276629269854733677e-03
2.394632207313564590e-03
2.363785168929271371e-03
2.408775293194273266e-03
2.014377211087752233e-03
2.524680543090342729e-03
2.699711117396092451e-03
2.575973676808535062e-03
2.225250264431416665e-03
2.316937178895221803e-03
2.350271213446916089e-03
2.192262655872175524e-03
2.201010418532373895e-03
2.295707669088434526e-03
2.330133788057087759e-03
2.172428466685874526e-03
2.387708179100009667e-03
2.135669979726306789e-03
2.415165618216928538e-03
2.339560186311157117e-03
2.854303213190903174e-03
2.255474271039786035e-03
2.631749221740702256e-03
2.396203543919662744e-03
2.367889680918831060e-03
2.466025614568261026e-03
2.585714306306767518e-03
2.221623069814656487e-03
2.583370674648923296e-03
1.967189901732434212e-03
2.017026131598194036e-03
2.379704799546596746e-03
2.430468702423715412e-03
2.245192942359355067e-03
2.230786932162199653e-03
2.310225260677954435e-03
2.502416368500851290e-03
2.623121162576930177e-03
2.509437968028569842e-03
2.272909935401101669e-03
2.329100545138958894e-03
2.399022221889273668e-03
