4.382165381007529711e-03
4.141927419250426151e-03
3.981119679265799835e-03
3.796715256537507802e-03
3.831850309654956550e-03
3.675021744313541460e-03
3.712414485345884394e-03
3.705869412925348518e-03
3.929218963094843406e-03
3.477140229114582867e-03
3.539605954139140448e-03
3.323903818050111172e-03
3.340212462584953804e-03
3.439474445531585673e-03
3.506286295346190164e-03
3.396352428376062538e-03
3.516820506727349679e-03
3.220445509883598182e-03
3.144745416341107862e-03
3.711312467929719743e-03
3.452096577270356067e-03
3.375964665145181516e-03
3.278971745225040414e-03
3.255294084739843337e-03
3.617651502656868759e-03
3.406379807146752391e-03
3.356051850764004904e-03
3.475780801303771528e-03
3.553394944716289222e-03
3.344824917483938797e-03
3.369942074275149736e-03
3.393057491135217235e-03
3.508575650601982333e-03
3.313290604915494417e-03
3.140410740594439237e-03
3.319138298391843041e-03
3.234058234804419989e-03
3.263717811642627420e-03
3.097305749841038069e-03
3.296919078410117093e-03
3.100469624408130464e-03
3.082040736084007415e-03
2.973133767539966246e-03
2.914030745327647436e-03
3.279494507022178568e-03
2.738985931017379714e-03
3.393111265523593434e-03
3.137814029786448970e-03
3.080754591686551969e-03
3.429525595241958696e-03
3.074066120360044712e-03
3.158889320773570260e-03
3.147416537366505129e-03
3.149389066989976768e-03
3.233661756767247479e-03
3.238599947375140568e-03
3.224986160903368319e-03
3.457957001307503369e-03
3.307684754306877348e-03
3.317419822326381738e-03
3.169900447747762279e-03
3.407279046967332404e-03
3.299420936048012495e-03
3.216950127365855814e-03
3.093828444559032671e-03
3.570352413049652368e-03
3.541695580499485806e-03
3.173365611230429158e-03
3.130325437759125164e-03
3.354133755856215319e-03
3.250935369389157652e-03
3.262464631218829018e-03
3.311807995633617597e-03
2.998065053198125871e-03
2.990313503333035493e-03
3.080392170520228085e-03
2.813756768518241823e-03
3.167879641852203512e-03
3.339201671111684429e-03
3.189885332167851761e-03
2.765985359574020617e-03
2.529574807676071568e-03
2.734431087407335984e-03
3.460740560102466053e-03
3.515195428085128148e-03
2.888144816993991598e-03
3.014160869922300531e-03
2.924537441827960126e-03
3.259270700410821231e-03
2.975655187107393174e-03
3.025030319671794411e-03
3.092165532300699196e-03
2.511464592193579908e-03
3.012679176550995923e-03
3.130218005966882953e-03
3.046702916059155272e-03
3.117048263538567138e-03
3.061798436150035916e-03
3.359695464155430453e-03
3.177983917426087900e-03
3.052395855846438705e-03
2.914523231786225223e-03
3.134255282354312961e-03
3.151483734857922405e-03
3.139898864223593638e-03
3.192046602832826225e-03
3.147437704241380814e-03
3.272817643743809474e-03
3.076585988412330452e-03
3.322264316049245055e-03
3.174185939684783919e-03
3.096002707575757577e-03
2.948210534546199992e-03
3.177881020641365375e-03
2.820995846639043347e-03
3.004237843512864038e-03
3.076289173584850767e-03
2.886552812477928380e-03
2.613455482524000128e-03
2.907545800242123529e-03
2.980390319943257080e-03
3.101649951266420395e-03
3.174947640184645325e-03
3.073826978792039161e-03
2.983017959939530776e-03
2.800030969288715924e-03
2.356113571248441736e-03
2.802308101456046138e-03
3.231678218677193522e-03
2.868419190376004548e-03
2.817451828748536273e-03
3.131535701344240891e-03
2.801619042901863470e-03
2.894650505767426985e-03
2.814299262691620333e-03
3.401876666117329556e-03
3.041582676277599599e-03
3.284398326633568288e-03
3.096524160142150647e-03
2.935799172006263620e-03
3.137760754443525736e-03
3.336572824380206782e-03
2.867588077194080896e-03
2.560857297370835572e-03
2.929327551059517261e-03
2.965747249005343603e-03
3.107828573764476882e-03
2.701134197346609540e-03
3.134990757801570018e-03
2.904269858039416983e-03
2.815830259289402084e-03
2.957965241104293982e-03
3.003922145517124408e-03
3.306211064661117912e-03
3.073267496671218662e-03
2.671276819742405238e-03
2.944968638099128722e-03
2.958013859559894838e-03
2.978487778771735182e-03
3.057132370168045253e-03
3.195805655223004672e-03
2.480265281515378444e-03
2.510110579389286840e-03
2.871609536497109552e-03
3.137957112899341164e-03
3.054398781490321076e-03
2.661944363441322032e-03
3.200342185536132582e-03
2.652594318946954657e-03
2.873220093840419057e-03
