2.551298037929045342e-03
2.243823015337938209e-03
2.287145190213882382e-03
2.225478853459004341e-03
2.318302222456087788e-03
2.237301496817721645e-03
2.146225180885022107e-03
2.206885723957501162e-03
2.164858343273905802e-03
2.198270613323141838e-03
2.148450081929950337e-03
2.162434667870884435e-03
2.094337394507235842e-03
2.109014980975655075e-03
1.959533086163325888e-03
2.024950572928124835e-03
2.129854038615517937e-03
2.087672489988100927e-03
2.129236423029732400e-03
2.077237278738151057e-03
1.986983363978520392e-03
2.093329489558093393e-03
2.276793630748283944e-03
2.121580289168344732e-03
2.030868933423364987e-03
2.146135760627104240e-03
2.117999856682023681e-03
2.011696448557349134e-03
2.035158562834903269e-03
1.860676680758935678e-03
1.997310913401586542e-03
2.037693451705399790e-03
2.103968633558936114e-03
2.086051289015916459e-03
2.030593332671662594e-03
2.117915741439671973e-03
2.142033381435405181e-03
2.095424643492588453e-03
1.897629878339562610e-03
2.086180391111295673e-03
2.113616764322830740e-03
2.058365365341157001e-03
1.881634670984577663e-03
1.776497843118764186e-03
1.970532724319459979e-03
2.030275679363134547e-03
1.947861219918178670e-03
2.061021491094235710e-03
2.063034463708518246e-03
1.892873117488544712e-03
1.915539643657399038e-03
2.098204217967108553e-03
2.003148984385567585e-03
1.861135870275471785e-03
1.814293553300868255e-03
1.642011126347670468e-03
2.007714897737272394e-03
1.574092114142785093e-03
1.900022582557884653e-03
1.862863204342779001e-03
2.004847769432108011e-03
1.929712709113761944e-03
1.972765235188355792e-03
1.893120228352064994e-03
1.932690364742714042e-03
1.898237212873632234e-03
1.921659030004912875e-03
1.725278021357738072e-03
1.921847462914645600e-03
1.543740744475326915e-03
1.822195270851701722e-03
1.731735903307078531e-03
1.971494859738164192e-03
1.823801597310394833e-03
2.026841317719037857e-03
1.904925405716935980e-03
1.782002402202617327e-03
1.698347810186393242e-03
1.993944081794389069e-03
1.956343249151033716e-03
2.047373392512345878e-03
1.925072301935907811e-03
2.097556700860991625e-03
1.613946031836104933e-03
1.889134870085221966e-03
1.799393713852996289e-03
1.858095364009286618e-03
1.881248984257356902e-03
1.515523446976147891e-03
1.985109561934839898e-03
1.846012177242272465e-03
1.882985829562928114e-03
1.923764408432279867e-03
2.009568584625214330e-03
1.908901723708421490e-03
1.853760152149027838e-03
1.877461509078753301e-03
1.980731148802681880e-03
1.668965441343950654e-03
1.823853452725223475e-03
1.943581738866435697e-03
2.083597205176444377e-03
1.857029623913886108e-03
1.835807842647657877e-03
1.997472746570855620e-03
1.994442976749544877e-03
1.998744063012688164e-03
1.872971308395182622e-03
1.830953936500593401e-03
2.167493109459835230e-03
1.851846668022520855e-03
1.760726867838806678e-03
1.680562992403424223e-03
1.807393806138608578e-03
2.122773095226568926e-03
1.771061983102377490e-03
1.963236608432706708e-03
2.063234699814822139e-03
1.887061589239184128e-03
1.492394815957537400e-03
1.925054708087028509e-03
1.649370243967576222e-03
1.858272820234012444e-03
1.804390819826077585e-03
1.849337753692325507e-03
1.764110913059847505e-03
1.881463994721459384e-03
