4.624891948126519034e-03
4.200503393904811943e-03
4.288426192256493408e-03
3.932917162482486850e-03
3.923080317983496969e-03
3.693101802780410139e-03
3.770522316651854586e-03
3.787377546878689227e-03
3.569147778622569142e-03
3.777430523452710021e-03
3.466969241215756004e-03
3.501324895054384878e-03
3.679638490484981889e-03
3.338064109777412816e-03
3.619986474197486349e-03
3.404287088855949706e-03
3.546907406379531773e-03
3.775353115255004281e-03
3.089350029782128842e-03
3.225916379979014079e-03
3.191186090524448116e-03
3.566883846569530482e-03
3.438761072222064515e-03
3.572040538278776003e-03
3.602483617932282240e-03
3.247761775779621149e-03
3.432894367700447483e-03
3.179861794232643167e-03
3.303320904689654135e-03
3.651466253176009584e-03
3.195963757742267385e-03
3.521324576569090370e-03
3.203949063675791409e-03
3.338462313034822396e-03
3.199518177567872886e-03
3.715588650768506494e-03
3.391804075773329451e-03
3.305852472279192066e-03
3.245706906580466192e-03
3.648061916156173680e-03
3.005557285659904865e-03
3.157496911731469489e-03
3.291147110763596121e-03
3.113463625879727293e-03
3.503069559405322993e-03
3.274170796948502708e-03
3.215653550337825833e-03
3.342895916105540193e-03
3.335335241883809893e-03
3.334607807133146626e-03
3.464866000143985124e-03
3.562042802275424986e-03
3.376490008238850794e-03
3.247154028327727676e-03
3.017004880871632794e-03
3.146055013201749621e-03
3.059102074516072307e-03
3.047358872397514483e-03
3.442913927596238672e-03
3.296943265482658522e-03
3.577126414357943707e-03
3.167779674939164361e-03
3.279157347434312215e-03
3.501189090127043019e-03
3.307801563480718653e-03
3.225886894525638315e-03
3.114999287668123937e-03
2.836847244130794553e-03
3.047159444494807953e-03
3.273095913915840312e-03
3.345950076569655877e-03
3.486539761831405557e-03
3.194313031192312028e-03
3.197489873927127253e-03
3.226446562254814757e-03
3.188467430409487081e-03
3.223615187228382091e-03
3.254667386261491692e-03
3.391937477583075334e-03
3.224610406264779780e-03
3.034753621501401401e-03
3.330085073741366301e-03
3.190335605383248178e-03
2.927342859589947711e-03
2.974520381915266801e-03
3.084195591863691816e-03
3.267615687905014391e-03
3.196561669137040155e-03
3.312040085042119650e-03
3.472137270820156805e-03
2.810122957212802478e-03
3.312379490210441962e-03
2.686622226696553511e-03
2.918249875300027267e-03
3.369984816021148570e-03
3.247483808908945696e-03
2.496323754297694129e-03
2.738799120371240847e-03
3.236867972383820208e-03
2.949759390373661062e-03
3.447784785161329794e-03
2.877828561357190576e-03
2.908547649536789414e-03
3.080632532439696314e-03
3.113857379061340299e-03
3.053402437464083821e-03
2.835026657640181934e-03
3.306933567742128665e-03
3.153127989140234490e-03
2.570022479024467160e-03
2.798386909915129284e-03
3.242090743972385856e-03
3.117989372553307912e-03
3.049368119527045163e-03
3.305061954376299106e-03
3.311927635857016012e-03
2.867368768264853124e-03
3.252837282596468104e-03
2.863673908100007690e-03
2.735999168869480275e-03
3.171253197269728510e-03
2.518075715900330597e-03
2.927412580878331876e-03
2.988338824185048873e-03
3.337313805662166927e-03
2.889599396942378780e-03
2.944348537932417638e-03
3.320889945069537431e-03
2.446650623672893144e-03
2.891847638687515109e-03
2.810140540112052339e-03
3.096872552008378323e-03
3.024540165977319603e-03
3.215959339912815781e-03
2.874823291103017001e-03
2.940399711376689117e-03
3.268412796840966528e-03
2.937403907989741877e-03
2.686690762688070944e-03
2.996006562662912199e-03
3.016958974041392821e-03
2.820151545264880030e-03
2.417345926384486046e-03
2.476457962900903160e-03
2.785362839081321779e-03
2.580076415679841834e-03
3.486419449959653021e-03
3.016310160480446551e-03
2.832446913685470781e-03
3.107727945343070116e-03
2.694034970085252244e-03
3.120275549291596194e-03
3.013725548093026344e-03
2.767236208833906072e-03
2.670154123710917482e-03
2.930501372839878181e-03
2.769087016891821212e-03
2.939824454689954260e-03
2.752708880565303811e-03
2.860716753281354521e-03
3.352340845225998227e-03
2.902915498295936900e-03
2.903124008839737518e-03
3.044167996064676453e-03
2.861064076345226550e-03
2.621326761639219353e-03
2.527997341155021910e-03
2.867969299090849470e-03
2.666875226462905261e-03
3.246452225111049958e-03
2.771143091455162671e-03
2.719449787211919000e-03
2.984456445195948163e-03
2.867457357181962298e-03
3.100204735380436734e-03
2.535742646868832488e-03
2.727583397007637706e-03
3.196125275674528959e-03
2.874850147558162712e-03
1.985784732244376665e-03
2.414125949657980764e-03
2.396753667117073987e-03
2.650968957380794942e-03
2.334153223953526566e-03
3.107021181368830286e-03
2.841814278263522699e-03
2.773810298164713223e-03
2.748545953780110254e-03
2.884313714056058534e-03
2.692625340139996170e-03
2.658940324076749639e-03
3.035942030063932921e-03
2.849807581271842499e-03
2.366071094304440098e-03
2.288792478799123609e-03
2.899081200374721123e-03
2.749314891616908441e-03
3.169271933504229626e-03
3.029249740058338313e-03
2.563145666048135662e-03
3.133923337106138841e-03
2.488797542541690885e-03
2.771672174412641212e-03
2.889851200938983906e-03
2.943666717465303912e-03
2.967626156700203712e-03
2.742562115100893264e-03
2.896202108465216907e-03
1.921041692092399517e-03
2.859201689441913732e-03
2.998046884830823499e-03
2.962951673610002105e-03
2.408608325697722714e-03
2.824084544983441764e-03
2.891461128954560689e-03
2.474952597118839932e-03
3.059765807289628256e-03
2.625099790186333996e-03
2.158430621523500011e-03
3.014257430696627889e-03
2.881796716362852988e-03
2.851699580207401729e-03
2.886672130723718591e-03
2.602811374074692676e-03
2.814478009120389805e-03
2.854752812927371149e-03
2.061582022114807986e-03
1.941923708291986607e-03
2.908874967905985057e-03
2.646205764213542706e-03
2.153233002721598611e-03
2.865823503363665835e-03
2.979424304322700334e-03
2.615949702120205951e-03
2.935885740242342740e-03
3.180442920491171038e-03
3.002165909682216055e-03
1.924231897713398181e-03
2.710981369092578010e-03
2.664488261813941199e-03
2.400286113470821020e-03
2.197591159326107036e-03
2.054956415542239651e-03
2.871128380967618698e-03
2.138070039785059957e-03
3.109266038795782845e-03
3.160868238032827661e-03
2.444050601202462075e-03
2.370343247627689203e-03
2.800378915867411927e-03
2.839912081790179222e-03
2.036784169681802280e-03
2.860044391576793948e-03
2.967586170304101906e-03
2.298141523961919497e-03
2.803043686210493664e-03
2.747561083634855045e-03
2.600260253566636075e-03
3.061864537231756556e-03
2.585917432252535925e-03
2.728509926462430266e-03
2.120036964520843024e-03
2.996960148089159327e-03
2.942407096893886759e-03
3.005470297269253153e-03
2.589289851824364344e-03
3.124289325927823071e-03
2.547942335261236396e-03
2.605470268775696065e-03
2.295298521953669391e-03
2.357383755126961182e-03
2.029875777551702707e-03
2.736632250577624315e-03
2.580373031054862196e-03
2.782941349562923460e-03
2.709414948241418812e-03
3.144359663162306535e-03
2.374413413069145860e-03
2.591386108451941648e-03
2.231016708462446856e-03
2.644813701480510162e-03
2.143013322425236719e-03
2.984719867718906537e-03
2.963753268134268221e-03
2.572876896166770982e-03
2.386463568838212770e-03
2.571427909375528266e-03
2.383249100315179819e-03
2.491861817807129037e-03
2.508494268154559323e-03
2.931541617562618846e-03
2.319566310101427511e-03
2.507652246982855146e-03
2.827925339621511266e-03
2.644122691771789210e-03
2.266140656415224514e-03
